00000000
00000000
00000000
00000000
00000000
00000000
00000000
00000000
00000000
00000000
00000000
00000000
00000000
00000000
00000000
00000000
00000000
00000000
00000000
00000000
00000000
00000000
00000000
7d740000
96ffffab
0000005d
00000000
00000000
00000000
00000000
fdfda900
fdfdfdfd
00001eda
00000000
00000000
00000000
00000000
fdfdfda9
fdb08ed5
00007afd
00000000
00000000
00000000
34000000
20d2fdfa
ce06000c
00008cfd
00000000
00000000
00000000
4d000000
0019d2fb
f87a0000
000041fd
00000000
00000000
00000000
00000000
0000121f
fdd10000
000041fd
00000000
00000000
00000000
00000000
00000000
fdf77500
00000ac6
00000000
00000000
00000000
00000000
00000000
e7fdf74c
0000003f
00000000
00000000
00000000
00000000
00000000
90fdfd80
00000000
00000000
00000000
00000000
00000000
b0000000
0c9ffdf6
00000000
00000000
00000000
00000000
00000000
ea190000
0023e9fd
00000000
00000000
00000000
00000000
00000000
fdc60000
00008dfd
00000000
00000000
00000000
00000000
00000000
fdf84e00
00000cbd
00000000
00000000
00000000
00000000
00000000
fdfdc813
0000008d
00000000
00000000
00000000
00000000
00000000
adfdfd86
0000000c
00000000
00000000
00000000
00000000
00000000
19fdfdf8
00000000
00000000
00000000
00000000
00000000
00000000
2bfdfdf8
14141414
14050005
96962514
000a9396
00000000
00000000
fdfdfdf8
fdfdfdfd
fda68fa8
fdfdfdfd
007bfdfd
00000000
00000000
fdfdfdae
fdfdfdfd
fdfdfdfd
a9f7f7f9
00397575
00000000
00000000
7b7b7600
fdfda67b
7b7b9bfd
00000029
00000000
00000000
00000000
00000000
00000000
00000000
00000000
00000000
00000000
00000000
00000000
00000000
00000000
00000000
00000000
00000000
00000000
00000000
00000000
00000000
00000000
00000000
00000000
00000000
00000000
00000000
00000000
00000000
00000000
00000000
00000000
00000000
00000000
00000000
00000000
00000000
